0 0 0 0 5 5 5 4 3 2 1 0 5 5 4 3 2 1 0 0 5 5 4 3 2 1 0 0
0 0 0 0 5 5 5 4 3 2 1 0 5 5 4 3 2 1 0 0 5 5 4 3 2 1 0 0
0 0 0 0 5 5 5 4 3 2 1 0 5 5 4 3 2 1 0 0 5 5 4 3 2 1 0 0
0 0 0 0 5 5 5 4 3 2 1 0 5 5 4 3 2 1 0 0 5 5 4 3 2 1 0 0
0 0 0 0 5 5 5 4 3 2 1 0 5 5 4 3 2 1 0 0 5 5 4 3 2 1 0 0
0 0 0 0 5 5 5 4 3 2 1 0 5 5 4 3 2 1 0 0 5 5 4 3 2 1 0 0
0 0 0 0 5 5 5 4 3 2 1 0 5 5 4 3 2 1 0 0 5 5 4 3 2 1 0 0
0 0 0 0 5 5 5 4 3 2 1 0 5 5 4 3 2 1 0 0 5 5 4 3 2 1 0 0
0 0 0 0 5 5 5 4 3 2 1 0 5 5 4 3 2 1 0 0 5 5 4 3 2 1 0 0
0 0 0 0 5 5 5 4 3 2 1 0 5 5 4 3 2 1 0 0 5 5 4 3 2 1 0 0
0 0 0 0 5 5 5 4 3 2 1 0 5 5 4 3 2 1 0 0 5 5 4 3 2 1 0 0
0 0 0 0 5 5 5 4 3 2 1 0 5 5 4 3 2 1 0 0 5 5 4 3 2 1 0 0
0 0 0 0 5 5 5 4 3 2 1 0 5 5 4 3 2 1 0 0 5 5 4 3 2 1 0 0
4 4 4 4 3 2 1 0 5 5 5 4 3 2 1 0 5 5 5 4 3 2 1 0 5 5 5 5 4 3 2 1 0 6 6 6 6 5 4 3 2 1 0 6 6 6 6 5 4 3 2 1 0
4 4 4 4 3 2 1 0 5 5 5 4 3 2 1 0 5 5 5 4 3 2 1 0 5 5 5 5 4 3 2 1 0 6 6 6 6 5 4 3 2 1 0 6 6 6 6 5 4 3 2 1 0
4 4 4 4 3 2 1 0 5 5 5 4 3 2 1 0 5 5 5 4 3 2 1 0 5 5 5 5 4 3 2 1 0 6 6 6 6 5 4 3 2 1 0 6 6 6 6 5 4 3 2 1 0
4 4 4 4 3 2 1 0 5 5 5 4 3 2 1 0 5 5 5 4 3 2 1 0 5 5 5 5 4 3 2 1 0 6 6 6 6 5 4 3 2 1 0 6 6 6 6 5 4 3 2 1 0
4 4 4 4 3 2 1 0 5 5 5 4 3 2 1 0 5 5 5 4 3 2 1 0 5 5 5 5 4 3 2 1 0 6 6 6 6 5 4 3 2 1 0 6 6 6 6 5 4 3 2 1 0
4 4 4 4 3 2 1 0 5 5 5 4 3 2 1 0 5 5 5 4 3 2 1 0 5 5 5 5 4 3 2 1 0 6 6 6 6 5 4 3 2 1 0 6 6 6 6 5 4 3 2 1 0
4 4 4 4 3 2 1 0 5 5 5 4 3 2 1 0 5 5 5 4 3 2 1 0 5 5 5 5 4 3 2 1 0 6 6 6 6 5 4 3 2 1 0 6 6 6 6 5 4 3 2 1 0
4 4 4 4 3 2 1 0 5 5 5 4 3 2 1 0 5 5 5 4 3 2 1 0 5 5 5 5 4 3 2 1 0 6 6 6 6 5 4 3 2 1 0 6 6 6 6 5 4 3 2 1 0
4 4 4 4 3 2 1 0 5 5 5 4 3 2 1 0 5 5 5 4 3 2 1 0 5 5 5 5 4 3 2 1 0 6 6 6 6 5 4 3 2 1 0 6 6 6 6 5 4 3 2 1 0
4 4 4 4 3 2 1 0 5 5 5 4 3 2 1 0 5 5 5 4 3 2 1 0 5 5 5 5 4 3 2 1 0 6 6 6 6 5 4 3 2 1 0 6 6 6 6 5 4 3 2 1 0
4 4 4 4 3 2 1 0 5 5 5 4 3 2 1 0 5 5 5 4 3 2 1 0 5 5 5 5 4 3 2 1 0 6 6 6 6 5 4 3 2 1 0 6 6 6 6 5 4 3 2 1 0
4 4 4 4 3 2 1 0 5 5 5 4 3 2 1 0 5 5 5 4 3 2 1 0 5 5 5 5 4 3 2 1 0 6 6 6 6 5 4 3 2 1 0 6 6 6 6 5 4 3 2 1 0
4 4 4 4 3 2 1 0 5 5 5 4 3 2 1 0 5 5 5 4 3 2 1 0 5 5 5 5 4 3 2 1 0 6 6 6 6 5 4 3 2 1 0 6 6 6 6 5 4 3 2 1 0
4 4 4 4 3 2 1 0 5 5 5 4 3 2 1 0 5 5 5 4 3 2 1 0 5 5 5 5 4 3 2 1 0 6 6 6 6 5 4 3 2 1 0 6 6 6 6 5 4 3 2 1 0
4 4 4 4 3 2 1 0 5 5 5 4 3 2 1 0 5 5 5 4 3 2 1 0 5 5 5 5 4 3 2 1 0 6 6 6 6 5 4 3 2 1 0 6 6 6 6 5 4 3 2 1 0
4 4 4 4 3 2 1 0 5 5 5 4 3 2 1 0 5 5 5 4 3 2 1 0 5 5 5 5 4 3 2 1 0 6 6 6 6 5 4 3 2 1 0 6 6 6 6 5 4 3 2 1 0
4 4 4 4 3 2 1 0 5 5 5 4 3 2 1 0 5 5 5 4 3 2 1 0 5 5 5 5 4 3 2 1 0 6 6 6 6 5 4 3 2 1 0 6 6 6 6 5 4 3 2 1 0
4 4 4 4 3 2 1 0 5 5 5 4 3 2 1 0 5 5 5 4 3 2 1 0 5 5 5 5 4 3 2 1 0 6 6 6 6 5 4 3 2 1 0 6 6 6 6 5 4 3 2 1 0
4 4 4 4 3 2 1 0 5 5 5 4 3 2 1 0 5 5 5 4 3 2 1 0 5 5 5 5 4 3 2 1 0 6 6 6 6 5 4 3 2 1 0 6 6 6 6 5 4 3 2 1 0
4 4 4 4 3 2 1 0 5 5 5 4 3 2 1 0 5 5 5 4 3 2 1 0 5 5 5 5 4 3 2 1 0 6 6 6 6 5 4 3 2 1 0 6 6 6 6 5 4 3 2 1 0
4 4 4 4 3 2 1 0 5 5 5 4 3 2 1 0 5 5 5 4 3 2 1 0 5 5 5 5 4 3 2 1 0 6 6 6 6 5 4 3 2 1 0 6 6 6 6 5 4 3 2 1 0
4 4 4 4 3 2 1 0 5 5 5 4 3 2 1 0 5 5 5 4 3 2 1 0 5 5 5 5 4 3 2 1 0 6 6 6 6 5 4 3 2 1 0 6 6 6 6 5 4 3 2 1 0
4 4 4 4 3 2 1 0 5 5 5 4 3 2 1 0 5 5 5 4 3 2 1 0 5 5 5 5 4 3 2 1 0 6 6 6 6 5 4 3 2 1 0 6 6 6 6 5 4 3 2 1 0
4 4 4 4 3 2 1 0 5 5 5 4 3 2 1 0 5 5 5 4 3 2 1 0 5 5 5 5 4 3 2 1 0 6 6 6 6 5 4 3 2 1 0 6 6 6 6 5 4 3 2 1 0
4 4 4 4 3 2 1 0 5 5 5 4 3 2 1 0 5 5 5 4 3 2 1 0 5 5 5 5 4 3 2 1 0 6 6 6 6 5 4 3 2 1 0 6 6 6 6 5 4 3 2 1 0
